-4.3949 2.57043 1.76983 -1.05868 1
-16.7941 9.49255 1.754 -0.88648 8
-28.78 15.0781 1.63788 -0.673846 15
-39.6638 19.0977 1.42684 -0.438986 22
-48.8096 21.4531 1.1314 -0.201016 29
-55.6697 22.1786 0.766605 0.0216013 36
-59.8128 21.4323 0.35124 0.212614 43
-60.9486 19.4755 -0.0930219 0.3594 50
-58.9449 16.6447 -0.542559 0.454036 57
-53.8384 13.3159 -0.972752 0.493809 64
-45.8384 9.86899 -1.35902 0.481035 71
-35.3235 6.65433 -1.67806 0.422228 78
-22.8278 3.96704 -1.90942 0.32684 85
-9.01562 2.03049 -2.03731 0.205996 92
5.35645 0.987488 -2.05237 0.071552 99
19.4891 0.897003 -1.95293 -0.0643703 106
32.5953 1.73279 -1.74528 -0.18956 113
43.9542 3.38327 -1.44287 -0.291954 120
52.957 5.6543 -1.06475 -0.360259 127
59.1404 8.27744 -0.633714 -0.385011 134
62.2078 10.9267 -0.174562 -0.359872 141
62.0385 13.2439 0.287309 -0.282783 148
58.6887 14.8712 0.727005 -0.156658 155
52.3849 15.4865 1.12113 0.0105448 162
43.5107 14.8373 1.44877 0.206356 169
32.5859 12.7697 1.6925 0.414802 176
20.2397 9.24872 1.83934 0.617755 183
7.17651 4.36917 1.88167 0.796463 190
-5.86365 -1.6449 1.81781 0.933186 197
-18.1476 -8.45233 1.65234 1.0128 204
-28.9927 -15.6175 1.39597 1.02425 211
-37.8089 -22.6425 1.06508 0.961725 218
-44.1353 -29.0064 0.680774 0.825276 225
-47.6705 -34.2062 0.267714 0.620859 232
-48.2927 -37.7971 -0.14732 0.359662 239
-46.0699 -39.4253 -0.537159 0.0569077 246
-41.2568 -38.8524 -0.876267 -0.269592 253
-34.2762 -35.9689 -1.14299 -0.600723 260
-25.6856 -30.8011 -1.32173 -0.916928 267
-16.1295 -23.5122 -1.40454 -1.19861 274
-6.28284 -14.4024 -1.39178 -1.42636 281
3.2052 -3.90585 -1.29145 -1.58152 288
11.7611 7.41754 -1.11768 -1.64738 295
18.9238 18.9017 -0.88872 -1.61125 302
24.3676 29.8093 -0.625016 -1.46678 309
27.9123 39.383 -0.34755 -1.21605 316
29.5229 46.9083 -0.0765092 -0.870678 323
29.3005 51.7803 0.169904 -0.451548 330
27.4647 53.5646 0.376567 0.0128486 337
24.3298 52.0425 0.532373 0.489199 344
20.274 47.2345 0.630871 0.942846 351
15.7059 39.399 0.670465 1.34142 358
11.0313 29.006 0.654152 1.65807 365
6.62268 16.6906 0.588841 1.8739 372
2.79486 3.19321 0.484444 1.97919 379
-0.213562 -10.7058 0.352906 1.97336 386
-2.25128 -24.2465 0.207344 1.86375 393
-3.26105 -36.7395 0.0612838 1.66356 400
-3.27911 -47.5992 -0.0720436 1.38939 407
-2.43213 -56.3608 -0.180507 1.059 414
-0.92572 -62.6833 -0.254003 0.689638 421
0.971985 -66.3424 -0.285431 0.297224 428
2.95435 -67.2212 -0.271493 -0.103657 435
4.70404 -65.3021 -0.21311 -0.499182 442
5.92291 -60.6639 -0.115314 -0.875457 449
6.35876 -53.4849 0.0133568 -1.21781 456
5.8277 -44.049 0.161819 -1.51054 463
4.22839 -32.7524 0.31749 -1.73738 470
1.54956 -20.1042 0.467232 -1.88266 477
-2.12793 -6.71686 0.598081 -1.93314 484
-6.63477 6.71658 0.697824 -1.88012 491
-11.7195 19.4611 0.755564 -1.72148 498
-17.0601 30.7901 0.762395 -1.46308 505
-22.28 40.0435 0.7122 -1.11927 512
-26.9703 46.6858 0.602477 -0.71224 519
-30.7169 50.3568 0.435004 -0.270282 526
-33.1321 50.9057 0.216156 0.174931 533
-33.8864 48.4062 -0.043203 0.591567 540
-32.7386 43.1472 -0.328265 0.950951 547
-29.5611 35.6013 -0.621148 1.23045 554
-24.3578 26.3766 -0.901946 1.41546 561
-17.2758 16.1569 -1.14988 1.50019 568
-8.60651 5.64087 -1.34458 1.48717 575
1.22015 -4.51175 -1.46754 1.38566 582
11.655 -13.7213 -1.50395 1.20961 589
22.0606 -21.5148 -1.44452 0.975669 596
31.7552 -27.5404 -1.28713 0.701805 603
40.0662 -31.5742 -1.03764 0.40658 610
46.3854 -33.5229 -0.709592 0.108767 617
50.2195 -33.4244 -0.32295 -0.173092 624
51.2299 -31.4438 0.0978343 -0.421497 631
49.2571 -27.8625 0.525936 -0.621234 638
44.3318 -23.0583 0.93414 -0.760809 645
36.6724 -17.475 1.29661 -0.833711 652
26.6696 -11.585 1.59044 -0.83918 659
14.8624 -5.84824 1.7971 -0.782279 666
1.9035 -0.673279 1.90352 -0.673274 673
