-88.613 28.2789 0.450512 1.36042 0.783585
-90.1711 18.3456 0.128099 1.50721 2.78358
-90.111 7.87247 -0.224537 1.54243 4.78358
-88.3106 -2.63554 -0.591597 1.47154 6.78358
-84.7224 -12.7188 -0.954149 1.30912 8.78358
-79.3928 -22.0146 -1.29046 1.07592 10.7836
-72.4793 -30.2819 -1.57709 0.794883 12.7836
-64.2548 -37.3921 -1.79076 0.487453 14.7836
-55.0977 -43.2939 -1.9108 0.171074 16.7836
-45.4681 -47.967 -1.92173 -0.141587 18.7836
-35.8727 -51.385 -1.81527 -0.441847 20.7836
-26.8247 -53.4984 -1.59187 -0.723379 22.7836
-18.8004 -54.2433 -1.2609 -0.980514 24.7836
-12.1989 -53.5681 -0.840152 -1.20698 26.7836
-7.30945 -51.4672 -0.35396 -1.39543 28.7836
-4.28842 -48.0129 0.169291 -1.53772 30.7836
-3.15027 -43.373 0.700301 -1.62564 32.7836
-3.77505 -37.8159 1.21178 -1.65202 34.7836
-5.93106 -31.6956 1.68087 -1.61183 36.7836
-9.30847 -25.4298 2.09041 -1.50312 38.7836
-13.5576 -19.4697 2.42921 -1.32788 40.7836
-18.3241 -14.269 2.69153 -1.09271 42.7836
-23.2771 -10.2483 2.87598 -0.80923 44.7836
-28.127 -7.76328 2.98445 -0.494032 46.7836
-32.6353 -7.06932 3.02115 -0.16804 48.7836
-36.616 -8.29102 2.99188 0.145001 50.7836
-39.9329 -11.3991 2.90352 0.420792 52.7836
-42.4893 -16.2006 2.76385 0.637285 54.7836
-44.2206 -22.3484 2.58144 0.77756 56.7836
-45.0831 -29.3697 2.36587 0.832023 58.7836
-45.0474 -36.715 2.1281 0.799418 60.7836
-44.0985 -43.815 1.88063 0.686297 62.7836
-42.2427 -50.1384 1.63765 0.505144 64.7836
-39.5184 -55.2377 1.4146 0.27178 66.7836
-36.0106 -58.7758 1.22711 0.00276665 68.7836
-31.8606 -60.5348 1.08954 -0.286442 70.7836
-27.2679 -60.4082 1.01324 -0.582289 72.7836
-22.4837 -58.3853 1.00506 -0.872952 74.7836
-17.7914 -54.5336 1.06626 -1.14753 76.7836
-13.4847 -48.9853 1.19234 -1.39492 78.7836
-9.8396 -41.9304 1.37361 -1.60308 80.7836
-7.09027 -33.6154 1.59633 -1.75859 82.7836
-5.41193 -24.3473 1.84429 -1.84725 84.7836
-4.90945 -14.496 2.10037 -1.85522 86.7836
-5.61829 -4.49307 2.3477 -1.77095 88.7836
-7.50787 5.17799 2.57055 -1.58723 90.7836
-10.4941 14.0051 2.75489 -1.30334 92.7836
-14.4496 21.4809 2.88858 -0.926545 94.7836
-19.2155 27.1496 2.96158 -0.472845 96.7836
-24.609 30.6585 2.96601 0.0336503 98.7836
-30.427 31.8075 2.89623 0.562634 100.784
-36.4464 30.5884 2.74902 1.08089 102.784
-42.4201 27.1983 2.52361 1.55636 104.784
-48.0753 22.0242 2.22196 1.96225 106.784
-53.1138 15.5965 1.84895 2.2801 108.784
-57.2186 8.51958 1.41279 2.50126 110.784
-60.0714 1.39482 0.925433 2.6264 112.784
-61.377 -5.2473 0.402932 2.66349 114.784
-60.8959 -10.9932 -0.134639 2.62513 116.784
-58.4775 -15.5657 -0.663922 2.52572 118.784
-54.0896 -18.8191 -1.15969 2.37939 120.784
-47.8386 -20.7161 -1.59706 2.19854 122.784
-39.9717 -21.2969 -1.95405 1.9934 124.784
-30.8619 -20.6462 -2.21401 1.77216 126.784
-20.9761 -18.8672 -2.36744 1.54182 128.784
-10.8317 -16.0647 -2.4129 1.30925 130.784
-0.948212 -12.3404 -2.35663 1.08229 132.784
8.19632 -7.79793 -2.2113 0.87039 134.784
16.1993 -2.5554 -1.99402 0.684569 136.784
22.7545 3.24207 -1.7244 0.536731 138.784
27.6604 9.41222 -1.42273 0.438385 140.784
30.82 15.7336 -1.10885 0.399162 142.784
32.233 21.9509 -0.801282 0.425387 144.784
31.9865 27.7875 -0.516861 0.519073 146.784
30.2435 32.9631 -0.270328 0.67734 148.784
27.2306 37.214 -0.0740372 0.892372 150.784
23.2253 40.3139 0.062456 1.15186 152.784
18.542 42.0914 0.132747 1.43982 154.784
13.516 42.4452 0.133947 1.73776 156.784
8.48758 41.3534 0.0668714 2.02594 158.784
3.7854 38.8775 -0.0639224 2.28489 160.784
-0.290527 35.1606 -0.250306 2.49668 162.784
-3.48413 30.4191 -0.480936 2.64621 164.784
-5.59644 24.9307 -0.741812 2.72214 166.784
-6.49637 19.018 -1.01696 2.71752 168.784
-6.12799 13.0285 -1.28923 2.63002 170.784
-4.51431 7.31569 -1.54124 2.46182 172.784
-1.75629 2.21919 -1.75629 2.21919 174.784
